ξ Ι ·- TERRAINS ACGESSIBLES A SEC 131

1661611666616661 616 66611166 666 616666 666 doivent 166166
166 666616 1661 6666 venons de parler.

A 1666666 66666616 166 ouvrages 1661 66 6661616166161
(6611161166 61111 661 1661 rareque, 1666 16 6616166136 6166611 166166
6666116 16 6661166166 616116 1666666616,11666611616666
1661666 1666 6666166116, 666666111166 161666616161666611166
16116611666 6666166166 661 1666116 eux 1661611666. Onne 1611
666 166116666166 11161 6661116616 6666 negliger pour 661666-
6666 166 66666611666 666 6666 666666 1161161166, 6166161666-
16661 meme 666166661 66 veut 66166116.

Ν66661666111666, 6666166 16666166 661166 666 166 6661166 ’
1616616 6661666 16 1661611166 1611 6166 166666166 6 666 66616166
6161661666 66-1666666 (16 661, 166611666’1166666611616666666
(166 161111166 6 16166.

Si 166 16666166 1666 16666616 666 16611166 6661 66166166 6661
1666 consistente. 66 66 6661 1666666 166 666616 66111661616661
6666 avoir aucune 6666661166 661116611666 6 prendre, 1661 6666
66 1666661 66666 161616 11111) 6611. Meis apres 661161116116,
6116 16666166 16616 6116666 166611661, 16 66616666 6661166616
1616666 1616666116, &esee-dire 16 66666 666166 166 666616 166
16611166666 661666 616666 16 6616 1666616166666 6166 66166166
1611 6616616 6661661666,61 16 166 666-116616616666161166166
16 16 1661116 616116 166166661666616116161166166616166 11166
61666111666, 11611661 166166166616 66616616661666166166 ·,

A'u lieu 16 666 61666111666,66 666661 l’ony trouve evantege,
616616666166 661666 66 6116666616, 66 166166 66166, qu’on 6666

’ 66166166 61616 6 616666616161666616661-161611161,

Dens les 16666166 6666 66661616666,16 1616611, 1666661166611
16 1616166· 66616616666, 661 16 16166 1666666166 6616161616
1661116 6611661116611661666 6666 666666666 6666666166 ;· mair
e'il 1661 166666166 6616616666 166166666666116-116616661 le
perti 6 prendre 6666 66116616 1666 16616 16111616 661 16 1161166
166661, 661666 ’1616616166661661 166 1661611666, 166 616611
66161116 66166616 6616666 666 116116 66 166166 66616616 pro»
1661666 qu'on veut 1111616116. 06 16111616 6666116 6 1161661666
16 66116 66661616, 66 ayant 6616 1616666 166 616616666166
16616166161661166611, 6 1666666 1616166666166116 16 1661116.

[1666 166 666166 fine 61 6666, 66 autres 16666166 16661666 6661

 

