j 572 (111111111111111 - 0111111115

99 9999991, 19 micux cst 1999111199 19 nombre 199 1991999 99
1919191999 9999911919 9999 19 bonnas dimensions 199 9911- Ι
91119. Lo 919199 y gagnc, sous 19 double rapport 19 19 9191111119
91 191999999119·

1199 conchis 99999919999991991991 saus 191999991199 991
1991991119 1999199 19 919199, 99 99999911 199 9999119999 9919199
199 99919999 1999999 9911191999 919919199 99 99999999999
19999 11199991999; 1991911 9991191999 99 919999 dans 111999-
ibose 19 moins 1999991119 919999119999 999 919999 9991199 cou-
9999 99 1991119 chaque 199919. Dc 99119 19999, 19 travail maxi·
’ 919919119911199919 1919919999 19 1191119 99999999 19 11 9119
1199119 999119, 9991199919 99 999 19199991 simplo 91 nona 99191
1919999911991991, 99119191 999 19 991991· 99199199. 09 991 999
91991 quc 1999999 991919199 991 9919999919 19 9191111119.

On 999991919 999191919 919191999 999991999 19 919199, qui
99191999 99999999119 99991119 joiulifs. 119119 11999911199 999-
99919 99 1991119 199999991991; d’abord 19 suriaco sur laquallc
, 99 9999 199 999999199 9911119199 bion 1999999 91 199199 9999-
111199, 99 1991 99 9999991 ioujours 19999991991 19 19 vobio ; 9919
-199 9999911999 (1) 91 (5) ci-dcssus 19991999191111 1991, 9999
a=d : 1ο 9119111991· 9 lc 999 991999 uos bribia, 99 qui 9991911
· 9 omploycr 199 919191999 1999 999 99919, 99999 b 919191991919
9 11991119; 2⁰ ou bien 9919199 beaucoup la 991999199999 9 R,
99 qui 1991991 9 9999191199 19 11919 9 99199991111199 1919919999
99191 qu’il 9999991119991999991999119 199 99991119 1999999
91991 19 beaucoup 99 qu'il 19999119199 91 1919999911 99 irourc⁸
augmcnlcc 9999 999999 9111119119 19919991999199, 99 99 sau-
9911 rccouriraux couchis joinliis qu'aux 199999 19 19 91911119
9119 1999999119. (1991999999919919 99991991 91199999 9999
1999911199 991191991199 991199 919919 19191119, 9911 en 19919
199911999 9911119999 9191199, 99999911199 9999 9919, 99999 qu'on
pourroii alors 1919999119 9991919 1919199119 99199 Ι9999991119;
91919 991 99999991991999199191 1999919199 19 maroc sur 1991 19
991191999, 99119919 999199 9999 199919 α, 99 9991199911 999
99919191919991 19919191 199 99119 dc bois 1999991191 19 119999·
sauro.

1999999, 9999 199999 dic, 9991 199919999991 9999999991

 

