S Ι - CHANTIERS ET PONTS DE SERVICE 639

Les dcssins 11-11111 1111 11111111111 pour l'inielligcnce 111
111111111111 11111111111111 1111111111 1111111111 roulecu;
nous 111 11111111111, 1111111111 111111111111111 s’y 111111-
1111, 11 111111 [11111111 11 M. 81111111.

[1111111111 111111111 11 11111 11 chaque 11111111,1’111-1-1111 di·
11111 111111 joints 1111 11 1111111111111111 quc 11 vaux. 01 1 1111
111111, 1111 11 premier sculcas, des coffrcges 1550 11440 11111 laqueis
1 29011 1 14011111 1111111111).

Lcs divisions du premier 1111111 111111111 11 nombre 1111111 :

De 550 1 440 111111111 11 1‘
1114401290 - 111111
1112901140 - illei 111'
1111111111 - 111111 “

01 1111 111111 11111111 aux 11111 11 111111111111111 11111111 1111.

111 11111111 11111111111111111 111 11111111 1111111111 111 assises 1
111111111111111111 11111111111111111 1111 :

Les quatre piemicrs voussoirs 11 1111 11111111110,010 1111111111, 11
1111 111111111111 11111111 0141111111111, 11 1111111111 11 111111 11
0,03 11 hauteur.

Les quatre 1111111111 111111 1111111111 111111 1111111111 111111111·
11111, 111 11111, 111 11111 1111111111111111111111111111 11 plomb 11
0,0151’111111111110,04 11 1113111ς 111 11111111111 1111 111 1111111
1111111111111111 111 111111111111111111.111 cales 11 plomb 11-
11111111111111 11 111111111111111 1111111101 11 1111111 11111111-
11111111111111111111111111 d'un 111111 11 11111 de 0‚0{ 1111111111
11 11111 11 plomb 11111 111111.

111-111111 111 assises 1 111, 111111111111111 1111111111111 11111111- .
fruge 11 1111111111 111111111 1111111 1111111 11111111 11 1190, 1111111111
111111 bois 1111111015, 111111111111 111111111 11010111 0,35 111-
1111 111 conchis ¹ 11 014111 110.

Lcs 11111111111111111 111111 11111111 1211111010 11 111 11111111111
1111111111 1111 1 chaus 11111111 1111111111.

111111111111111111111 rcins 111111 11111111 i 11 1’ 1111111131 11111·
1111 11111111 50 1111111 cubes dc 1111111111 111111,11111111 111210 11
11111111111111’111; 111111 citaque 111111111111111 111 111 11111111 11,
11’,111,111’,11,11’.111 1111111111 11 11’ 11111111 111 111 11111311
comme 1 11 1‘, 1111 11111 11111111111111 111111111 111 1111111111 111
111111 11011 1111011 qu'il n'y 1 1116 1111111111 1111 11 1 (111 111111-
111111111111111 1111111 11 111111111111111111); 111 111111 11111111
11111111111111 1111111 1111111111111 les 11111111111 11 29· 11140
(mais 11111 1111111111 1111111111 11111111111 1111111 111111 aux
1111 11111111111 111111111 11 1111).

1. Pour lc 11111111 11 11 1111111, 11 111111111111 conchis 111 111 111-

· dricrs.

 

