g 111 ·- TYMPANS, 6611116111161161116,16661616 893

1661116116 1611166116166 611116611666 16116616111611616111116616
166 1111111666. ’ ’
11616166 ceux-ei 6116116 66116116 superficie 11 6611111116,
en les 11666661 6666 66 1616116111 1116111 et 6111, 1611161 166 l’es·
pecten 61116 nn pereutere de 1161116 etde 16611661 6616616111
11611616 616116611111161616611616, (66111616 suin 6166 lequel

, 1661661166 parties 61166111 11611166.

1111161 16 16611611616111166, pur 6161111116, 1611116 11666661
16611666 6611661661 11611111 166 1166111161161116 6116611166 1166611
1161116611 (11616666116 6666116116 661 16 [16116111666661611 (1616-

161111666111661166 phemius de fer, effre 616111 une 166166 serie* ¹

16 1111116116 nus 16611661 61666661161116111 (1166616116 61 11611161
6611616161 general.

Bien 1166 1616111616 1’6(1616111161166166161661166161111111666

11616666 16 66116 sapon. 6611611116Ρ6161111, 66 pont (11116666
1166116 1111111111, comme nnus l'evuns rudens 66 precedens
6116111116, 161611 1611161 166 niobes 61 166 statues 166 1611 plu· ’
1611 66-166666 166 111166 161161111161116116 166616111161166,1611161
(166 1111661166 6611161116 1116616111 jusque 1616616611661161611616
1661 y former (166 666166 6161661661 61666 16 6161666. 61116616
(166 6166166 supplementuires etaient 6616116616116166111111116116
61 11611116611111 1661661 16 6611666 1166.
“ (1616111661 plusieurs ouvrages 1111611666, comme 16 Ponte
Felice sur 16 1161116116, 16 16111 16 16116616, 16 116111 pent
61661661611611, 616, 61616111 16616 1111111666 1111661166 (16
166166166111611161166, 16 66116 qn'u nette 61616666111116 66-
166116116111 11 n’y 61611 aucune 161161166166166111611666166116
161116166161116, ,

Au Moyen-Age 6116611166161116111611616116166161116166,
6111 16616616 66 666 1116166661 61616166, 166616 61611 presque
16111161 16116161161,611 11661661, 1666161116 61 6111116-11666166-
1666 niveerr 166 1161611616, ponry 1611661 166 1616166 pour 166
11161666,66(111116 nn 16 1611 66116 1666111 166 ponis 16 (161666-
66116 61 (16 11611616 116166 58 61 611). Lu 1611116 661616116 16
666 661166 16 66611616116 enupsit heureusement 16116616 661·
fune des 1111111666,611611161116616 66116 6111611661611611 inutile.
Anx 1161116 1111111161( 61 16 saint-nepus, 66116 1111166611 66116

disposition (1611616166, 166 61611611 1661111661 66166616116
25

 

