11- cuneus rr 6666 345 ‘ ,¹

L’exumen des dessins fait 66166661166 ont 616166 formes
(1661166 6666616661666. Ε6 66 6611666166 166 611616 66666666,

¹ 16 1661666666666166166 contient 1666616616666 elemento. ¹
illle).

66616-(1166 166 (1116666666 (16 hauteur (1666 (66666666 66 (16611
(16 1666611166 61 6666 16 6611166 (16 16 16636666 (1616 6116, 61 ·
166 (116166666 ausquelles 16 6666661 s'est trouve (16616.

Ε6 66666666161166116666661 666 (116666 66111666, 11 semble
qu'on 66 661666 (16(16166 666 66666611116 (166661636 66166666 (16
16 forme elliptique‚ 661 (1666611 6166616666 66 premier-0 11366,
6616 (166 formes 66 16166316 66611616661, 66 (1661-666616 6166
16166316 (6161111366 6666666 661 6661 6 6666666 666166166166,
, 06 n’en 6666611 (16661666166 666 11666 66666 666111 (16 666·
damner 16 166666(1661-61666161666666666 exclusivemenl 66-
6116666 aujourd'hui. ⁶
“ L'abondon du 666111 161663616166 666611166-1-11666663666
6166 66666661116611661 66616616616. En 6666616661 16 question
66 6616116 666 (161661, 66 (1661 6666 666666 16616 grand
6666616 dans 66 66661166, 66 66166616 i 66666666 quelque 663661
(16 16 suppression de 666 grandes 66616666 616666 (116666666661
1661166666666666661666 royons lumineux, d’ou 66661161661
6661616 (16 166366 ombres mellent bien 66 6611116 166 6661166
661616666. Les formes en etaient ainsi bien mieux 66666666 6
(11616666 666 661166 (166 666616 cylindriques, 61 6666 66 rapport
161161 (1666616616 (166 6166611666 6’6 6661616666661666 36366.
= Mais 66116 consideration (1611 666166 6666666166 61 6116 66 666-
6611 16166 66666666 6 166661636 (166616 (166 66661·1)666(1’666
plus grande 6661616666666166661616 aux 6666166 61 6 166666, 61
remplissanl (161116666 16666166 66661666 les 66666616 16 6616
auquel ils 6661 (16611666.

Les 66661 61 ornere-bees 16666661 saillis sur les 16166 (166
66616, 11 n’esl 666 6666666166 qu’ils 6666166661 6661616666 1
666666166 166 66616661 661661 (11666666 pour 66 66666616166
6616666666.

06 1666 (16666 6666166166616661616 66116 666666666, 66 666.
11661166 6666166 66616 6666166666 (16661666 66 666 (16 666616 1666
6661161666 616 6616666666 616666616666661. C’esl ainsi 666

exemploque 6661 (116666666 166 61166 (166 66616 (16 8161666666,
22 ,

 

