9 11- 999191999991 991

119911999119993999991999199999 99919919991 11191999 99 9999
1919999 9119 999 9991 999 19 919919 9991· 19911999 ; 99 1919991

1999999199999 99 1999199119 1911919 11999 911 9999 99 (1999199- .

119 19 1919 de 19119 9999919999 991919 99 99191999, 9 chaque
1999, d’une 99991119 99919919 (1111999999 des deux 999; 99
9919999911 11999 999 19 991999999 de 1119991911 991999 9119

, 91991 presque 1111911199.

Auliou 119 (19911199 99199 99 91911 lugu 99199 199 semones
1919999999,91’99191911’1199 99999919 1991199111, des billes de
11919 99911999 09111 de hauteur, puis 19 1999199199 1199191191
1999, 199 1991199 9191991 919999 999199 de 999 1111199. Ε9 1991-

. 999119999999911999 un 9999 911 99999911 99 911911991119991

⁴ pour 9991991199 1999199991 (1991111199 99991199119191 aucune
99999999 1119999911 19 9119999919; 9919 1919991191 9199 9911
91991991199 199 verrius en 99991919199 99119 19119 (1999991119
1991 19 919119 d'un 19991919991999911999199991 1991 9999 19
1199191111. ,
Des 11 9991199119 25 9191999 9991911919 11991 99 9919999991
199 19119199911119 991 919 (1991919999 de 99119 19999 91119
991999919919119 douze verrius ayant 991119 9999911119 903
199999. 9119999 191919 999911 11 11119999191999 91 1999199999
199191119999 du 11991 9111111199, 9999911119, 25 kilogrammes.
· M. 11999119 999119 9919919 de 99 (199191199199111999 999
9919, 1999999 9911 Annales des 99919 91 9119999999, 9911 9999
9119119999 19 passage suivant.¹
« Solon 9999, 199 9199199119 de ce 91999119, 99919999 99919
1 91999119 999919199919111919911999, 9999 9991 (1999991199 19
« 919199 9999 99991119 (1919199999 91 991119 999119 9911; 9991
1 9999 9991 91199 99991 1119 ou aussi 19919199919999 191991
(1 9999 9991919 119 91191911999999; 9991999 1999991199 9991-
« 1999999 1999191 9991 9199 9999199, 9999991199, 99999999 19119-
« 119119991; 9991 99119 19999199911999919991 9119 9999199, 19

r 1 Ι1 9191991999 1199999119 99 99 99191 99999 19919 999 91991199

« 99919199 99919919 91199119 99 91999; 9991 999199 1911199 99
1 9991999191 999 1999 91 99999 1919 919999 99 9991 199 9199919-
11 1191919199 9919191999 999 999 crue au moyen de loviers
« 9991199. 1

1. Annales de 18553 20 semestre, page 560. 38

 

