5 111- ENROCHEMENTS, PILOTIS‚ BETON‚ RADIERS 161

· Lorsqu’en 99 9991 999 1991199 199 pieux jusqu'e 99 99199 91)-
9919 99999 1999 19 999 999991991,19119119 919999119 99 s'ar-
991999 99 9991999 9199 determines d’apres des regles fixus3
e'est 9919991199 9199999199999 19919919 991999 19 991 19999999
91 19 terrain 99919 991919 19991999 1911 911919199, 199 99911-
1911999 9199 99 99199 199199 Ι9999991199 199 1991911999 999991
99991991199991 99999999, 19991199111999919 9 9999919, 919,
999 199 1999919999 decident d'adopter 19199191 99199 9919111.

L'experienee 9 999999, 1111119999, 999 meme 9999199999
199199 1119999999 9191999999 divers 9119911999,199 999911919
obtenus' 991 9199911919199919. Α1991 pour 19 9991 19 Neuilly
1991 199 91999, 99999 9999199999 111, 9991 charges 9 52 ki-
logrammes par 9991199199 99999, Ρ9999991 s'en est 1999 9 99
99199 19 010015 999 99199 19 25 99999 d’une 99999119 9 11999-
199 9999 999199 19 60011199999999. Au 9991 19 Bordeaux,
ou les pieux 9991 d'ailleurs beaucoup moins charges, le 99199
919919 a 919 19 11 91111991999999 9999 d’un 99919919 1511 ki-
logremmes 199199119195 991999 19 hauteur. Au 9991
11999, M. Emmery, 19999911 91199999 199991991119 19 19
construction de 991199 99 9999999919 99 999919999991199
1999999 99 9119999919, 9 1911 99999919 19911999 1999999 199199-
9999919’919119199 999 (19010211 sous 999 9911919 10 99999
1999919919 500 kilogrammes 19919991 19 3 991999 19 heu·
1999. Α 119999, 99 999199199, 99 9 99919 99 99199 19 01101 9999
9999919919 10 99999 d'un 99919919 600 k. 19919991 d’une
1199199919 3¹²50.

Ces diverses 99991199 99 9991999 9999999199, 91199 n’en
9991 1919199 aucune indication precise. 1199999 111.Μ9999-
11999, 99 9199 1911 9199 considere 99999 9999999 9 99 99199
complet lorsqu'il ne s'eufonee plus que de 3 9 5 91111991999
9999 999 99199 19 30 99999 d’une 99999119911999199, 99 9999
99 999919 99999119 9 199119 9999 99 99919919 600 191199999-
9991991991 19 1 991999 19 hauteur.

Μ919 11 991 des 19999199 presque 1919191999199991991199,
991999991199 19999199 999999 99 19999999, 199919999919 99
99 9991999 999999 9 99199999 199 pieux jusqu'e 99 9991191919
99199119 99991119 919999919999199991919999 199 pieux 99991991
9919999991 191991199991 191999 9991999 99919919 terrain

 

